{
  "camera": [
    {
      "disabled": false,
      "serial": "000094102712",
      "trafo": [
        [
          -0.017106572910084612,
          0.9996540876722074,
          0.019976740563177477,
          -0.1819442339532906
        ],
        [
          0.9510459025390489,
          0.022434413207861027,
          -0.3082343075773903,
          1.3821600925381454
        ],
        [
          -0.30857585198288956,
          0.013725964602732283,
          -0.9511006999622942,
          1.9259474859112464
        ],
        [
          0.0,
          0.0,
          0.0,
          1.0
        ]
      ],
      "type": "kinect"
    },
    {
      "disabled": false,
      "serial": "000049102712",
      "trafo": [
        [
          0.3073674758144515,
          -0.11841156554532177,
          0.9441948612212205,
          -1.71832780645363
        ],
        [
          0.951531899571724,
          0.027196340187655845,
          -0.306345235278502,
          1.2725113273768422
        ],
        [
          0.01059617425746834,
          0.9925920915590162,
          0.1210316523294712,
          -0.31194511190831087
        ],
        [
          0.0,
          0.0,
          0.0,
          1.0
        ]
      ],
      "type": "kinect"
    },
    {
      "disabled": false,
      "serial": "000330102712",
      "trafo": [
        [
          -0.3530180142730354,
          0.15184405901462567,
          -0.9232126858642553,
          1.8193035677991904
        ],
        [
          0.9348752688472705,
          0.017976336063794663,
          -0.35452092045388156,
          1.3610166945865463
        ],
        [
          -0.037235914067864195,
          -0.9882409792574319,
          -0.14830122595530426,
          0.3134148209059008
        ],
        [
          0.0,
          0.0,
          0.0,
          1.0
        ]
      ],
      "type": "kinect"
    },
    {
      "disabled": false,
      "serial": "000241702712",
      "trafo": [
        [
          0.035545348891669944,
          -0.9992559696215559,
          -0.01496781038963251,
          0.027788807298676218
        ],
        [
          0.9226382570653117,
          0.03856784016139509,
          -0.38373319937788014,
          1.338328019012717
        ],
        [
          0.3840249663389957,
          -0.00016994403677163993,
          0.9233226935082697,
          -1.8444903983041465
        ],
        [
          0.0,
          0.0,
          0.0,
          1.0
        ]
      ],
      "type": "kinect"
    }
  ],
  "postprocessing": {
    "depthfilterparameters": {
      "depth_x_erosion": 0,
      "depth_y_erosion": 0,
      "do_threshold": true,
      "threshold_far": 3.5,
      "threshold_near": 0.15
    },
    "greenscreenremoval": false,
    "height_max": 2.2,
    "height_min": 0.05,
    "radius_filter": 1.1
  },
  "skeleton": {
    "model_path": "",
    "processing_mode": -1,
    "sensor_orientation": -1
  },
  "system": {
    "color_brightness": 128,
    "color_contrast": 5,
    "color_exposure_time": 33000,
    "color_gain": 200,
    "color_height": 720,
    "color_powerline_frequency": 2,
    "color_saturation": 32,
    "color_whitebalance": 4000,
    "depth_height": 576,
    "fps": 15,
    "ignore_sync": false,
    "map_color_to_depth": false,
    "new_timestamps": false,
    "record_to_directory": "",
    "single_tile": -1,
    "sync_master_serial": "000094102712"
  },
  "type": "kinect",
  "version": 3,
  "correspondence": 0.004468187797010841
}